1 0.3890625 0.36640625 0.06796875 0.04921875
1 0.66796875 0.44296875 0.06640625 0.096875
1 0.63515625 0.428125 0.05390625 0.0765625
1 0.57578125 0.33828125 0.02890625 0.03125
3 0.37734375 0.3671875 0.01796875 0.05
3 0.14921875 0.43828125 0.053125 0.21015625
3 0.27734375 0.44453125 0.046875 0.221875
1 0.72109375 0.47109375 0.09609375 0.171875
1 0.85703125 0.54765625 0.2859375 0.3046875
1 0.4546875 0.53046875 0.265625 0.30390625
1 0.75703125 0.3703125 0.04296875 0.04375
2 0.57890625 0.3953125 0.0296875 0.0328125