1 0.63203125 0.440625 0.09296875 0.0859375
1 0.865625 0.415625 0.046875 0.059375
1 0.38828125 0.4359375 0.0890625 0.10625
1 0.75234375 0.46953125 0.16875 0.1265625
1 0.2296875 0.428125 0.0828125 0.0875
1 0.290625 0.409375 0.06171875 0.05234375
1 0.01640625 0.41796875 0.03046875 0.06015625
14 0.48671875 0.384375 0.08671875 0.1484375
1 0.74921875 0.38359375 0.090625 0.05546875
2 0.55 0.41484375 0.03359375 0.0859375
14 0.42265625 0.359375 0.04921875 0.06796875
1 0.11953125 0.4453125 0.18828125 0.15703125