1 0.34296875 0.4515625 0.0859375 0.075
1 0.67265625 0.4453125 0.0921875 0.08671875
3 0.85390625 0.41328125 0.02265625 0.09375
3 0.72734375 0.440625 0.0328125 0.09296875
3 0.8765625 0.41640625 0.03203125 0.11171875
1 0.45 0.44296875 0.06484375 0.06953125
3 0.81953125 0.40859375 0.0265625 0.0796875
1 0.19765625 0.46953125 0.17421875 0.134375
1 0.1234375 0.659375 0.24609375 0.440625
1 0.53203125 0.47109375 0.10546875 0.13359375
1 0.62421875 0.43125 0.0453125 0.07109375
3 0.9234375 0.4609375 0.0453125 0.17890625
1 0.39765625 0.4375 0.040625 0.05546875