1 0.68671875 0.44140625 0.12890625 0.1171875
1 0.546875 0.3328125 0.03046875 0.0328125
1 0.4828125 0.36796875 0.05078125 0.0453125
1 0.2203125 0.35546875 0.12890625 0.0734375
1 0.62734375 0.36796875 0.053125 0.05390625
1 0.83046875 0.37578125 0.0609375 0.05859375
3 0.5890625 0.34453125 0.0140625 0.03671875
3 0.26484375 0.39453125 0.03046875 0.09296875
1 0.540625 0.3 0.0203125 0.0328125
1 0.4140625 0.56796875 0.2890625 0.33359375
3 0.0625 0.4984375 0.08203125 0.24765625
3 0.7765625 0.38125 0.0171875 0.08046875